[gd_scene load_steps=8 format=2]

[ext_resource path="res://Code/Camera.gd" type="Script" id=1]
[ext_resource path="res://Objects/Player.tscn" type="PackedScene" id=2]
[ext_resource path="res://Materials/rock.png" type="Texture" id=3]
[ext_resource path="res://Objects/Torch.tscn" type="PackedScene" id=4]
[ext_resource path="res://Audio/thunderStormAmbiance.wav" type="AudioStream" id=5]

[sub_resource type="SpatialMaterial" id=1]
flags_world_triplanar = true
albedo_texture = ExtResource( 3 )
uv1_scale = Vector3( 0.1, 0.1, 0.1 )
uv1_triplanar = true

[sub_resource type="Environment" id=2]
ambient_light_color = Color( 0.219608, 0.219608, 0.219608, 1 )

[node name="Level" type="Spatial"]

[node name="Player" parent="." instance=ExtResource( 2 )]

[node name="Camera" type="Spatial" parent="."]
transform = Transform( 1, 0, 0, 0, 1, 0, 0, 0, 1, 0, 0, -1 )
script = ExtResource( 1 )

[node name="Camera" type="Camera" parent="Camera"]
transform = Transform( 1, 0, 0, 0, 1, 0, 0, 0, 1, 0, 0, 1 )
current = true

[node name="CaveInside" type="CSGCombiner" parent="."]
material_override = SubResource( 1 )
use_collision = true

[node name="CSGBox" type="CSGBox" parent="CaveInside"]
transform = Transform( 1, 0, 0, 0, 1, 0, 0, 0, 1, 0, -3, -6 )
width = 38.0
depth = 18.0

[node name="CSGBox5" type="CSGBox" parent="CaveInside"]
transform = Transform( 1, 0, 0, 0, 1, 0, 0, 0, 1, 0, 9, -6 )
width = 38.0
depth = 18.0

[node name="CSGBox2" type="CSGBox" parent="CaveInside"]
transform = Transform( 0.5, 0.866025, -3.78552e-08, 0, -4.37114e-08, -1, -0.866025, 0.5, -2.18557e-08, -16, 2, -11 )
width = 16.0
depth = 18.0

[node name="CSGBox3" type="CSGBox" parent="CaveInside"]
transform = Transform( 0.866025, -0.5, 2.18557e-08, 0, -4.37114e-08, -1, 0.5, 0.866025, -3.78552e-08, 13, 2, -11 )
width = 16.0
depth = 18.0

[node name="CSGBox4" type="CSGBox" parent="CaveInside"]
transform = Transform( 1, -1.93715e-07, -7.45058e-09, -8.7423e-08, -0.5, -0.866025, 1.56462e-07, 0.866025, -0.5, 0.8, 3.4, -11.5 )
width = 37.6
depth = 18.0

[node name="WorldEnvironment" type="WorldEnvironment" parent="."]
environment = SubResource( 2 )

[node name="Torch" parent="." instance=ExtResource( 4 )]
transform = Transform( 0.5, 0, 0.866025, 0, 1, 0, -0.866025, 0, 0.5, -17.2, 0, -7 )

[node name="Torch2" parent="." instance=ExtResource( 4 )]
transform = Transform( 0.866025, 0, -0.5, 0, 1, 0, 0.5, 0, 0.866025, 16.1, 0, -8.1 )

[node name="AudioStreamPlayer3D" type="AudioStreamPlayer3D" parent="."]
transform = Transform( 1, 0, 0, 0, 1, 0, 0, 0, 1, -40, 19, 0 )
stream = ExtResource( 5 )
unit_size = 30.0
pitch_scale = 0.5
autoplay = true
max_distance = 50.0
