[gd_scene load_steps=28 format=2]

[ext_resource path="res://Code/MainMenu.gd" type="Script" id=1]
[ext_resource path="res://Materials/water/water3.png" type="Texture" id=2]
[ext_resource path="res://Materials/water/water1.png" type="Texture" id=3]
[ext_resource path="res://Materials/water/water2.png" type="Texture" id=4]
[ext_resource path="res://Materials/rock.png" type="Texture" id=5]
[ext_resource path="res://Materials/water/waterFoam1.png" type="Texture" id=6]
[ext_resource path="res://Materials/water/waterFoam2.png" type="Texture" id=7]
[ext_resource path="res://Audio/OceanWaves/waves2.wav" type="AudioStream" id=8]
[ext_resource path="res://Audio/OceanWaves/waves1.wav" type="AudioStream" id=9]
[ext_resource path="res://Materials/sun.png" type="Texture" id=10]
[ext_resource path="res://Fonts/UbuntuMono-Bold.ttf" type="DynamicFontData" id=11]
[ext_resource path="res://Fonts/UbuntuMono-Regular.ttf" type="DynamicFontData" id=12]

[sub_resource type="DynamicFont" id=15]
size = 64
outline_size = 2
outline_color = Color( 0, 0, 0, 1 )
font_data = ExtResource( 12 )

[sub_resource type="DynamicFont" id=14]
size = 128
outline_size = 6
outline_color = Color( 0, 0, 0, 1 )
font_data = ExtResource( 11 )

[sub_resource type="PlaneMesh" id=1]
size = Vector2( 20, 5 )

[sub_resource type="AnimatedTexture" id=35]
flags = 19
frames = 3
fps = 1.5
frame_0/texture = ExtResource( 3 )
frame_1/texture = ExtResource( 4 )
frame_1/delay_sec = 0.0
frame_2/texture = ExtResource( 2 )
frame_2/delay_sec = 0.0

[sub_resource type="SpatialMaterial" id=3]
flags_transparent = true
albedo_color = Color( 1, 1, 1, 0.588235 )
albedo_texture = SubResource( 35 )
uv1_triplanar = true

[sub_resource type="PlaneMesh" id=7]
size = Vector2( 1, 1 )

[sub_resource type="AnimatedTexture" id=36]
flags = 19
frames = 2
fps = 1.0
frame_0/texture = ExtResource( 6 )
frame_1/texture = ExtResource( 7 )
frame_1/delay_sec = 0.0

[sub_resource type="SpatialMaterial" id=9]
render_priority = 1
flags_transparent = true
albedo_color = Color( 1, 1, 1, 0.392157 )
albedo_texture = SubResource( 36 )

[sub_resource type="ArrayMesh" id=4]
resource_name = "Cube"
surfaces/0 = {
"aabb": AABB( -1.7599, -1.66944, -1.83223, 3.18344, 3.29843, 3.62827 ),
"array_data": PoolByteArray( 2, 132, 33, 191, 217, 6, 192, 191, 175, 162, 23, 63, 242, 173, 162, 1, 103, 48, 252, 54, 17, 178, 9, 191, 91, 208, 149, 191, 169, 194, 147, 63, 234, 207, 188, 5, 117, 43, 225, 54, 254, 238, 147, 191, 88, 230, 189, 191, 130, 63, 235, 62, 224, 189, 164, 1, 228, 48, 2, 56, 57, 140, 45, 191, 6, 47, 198, 63, 33, 188, 50, 63, 240, 88, 133, 94, 245, 48, 63, 57, 58, 149, 150, 191, 62, 7, 186, 63, 48, 121, 37, 63, 214, 61, 142, 25, 154, 50, 249, 56, 170, 59, 28, 191, 187, 154, 152, 63, 1, 248, 169, 63, 229, 43, 134, 42, 98, 46, 230, 56, 203, 214, 142, 63, 102, 135, 132, 63, 169, 32, 123, 63, 71, 26, 94, 17, 43, 59, 188, 57, 11, 247, 78, 63, 183, 95, 202, 63, 149, 238, 102, 63, 45, 53, 94, 29, 213, 58, 52, 57, 156, 84, 227, 62, 191, 105, 119, 63, 227, 196, 193, 63, 31, 26, 114, 40, 92, 58, 2, 58, 86, 203, 113, 191, 59, 216, 204, 62, 67, 56, 178, 63, 219, 252, 70, 50, 152, 59, 152, 54, 170, 59, 28, 191, 187, 154, 152, 63, 1, 248, 169, 63, 229, 43, 61, 53, 141, 59, 226, 52, 253, 135, 130, 191, 57, 96, 159, 63, 33, 144, 141, 63, 222, 43, 52, 53, 62, 59, 20, 53, 156, 22, 220, 191, 96, 33, 61, 63, 140, 36, 51, 191, 150, 45, 124, 14, 99, 53, 88, 59, 41, 146, 173, 191, 153, 243, 176, 63, 101, 131, 55, 191, 188, 81, 120, 104, 232, 53, 254, 59, 133, 142, 46, 191, 211, 193, 160, 63, 47, 164, 189, 191, 173, 94, 116, 32, 211, 55, 0, 60, 169, 68, 64, 191, 164, 199, 67, 191, 169, 190, 143, 191, 171, 147, 116, 48, 197, 55, 245, 57, 40, 150, 164, 190, 128, 100, 150, 191, 72, 185, 51, 191, 67, 130, 105, 58, 25, 56, 131, 57, 212, 67, 49, 191, 204, 238, 163, 191, 64, 249, 85, 191, 75, 137, 98, 58, 180, 55, 106, 57, 246, 40, 184, 190, 209, 91, 190, 191, 129, 196, 24, 191, 52, 132, 79, 121, 109, 52, 169, 54, 182, 211, 243, 190, 9, 254, 203, 191, 206, 37, 25, 189, 241, 137, 120, 121, 228, 50, 190, 54, 239, 28, 140, 191, 123, 248, 198, 191, 148, 154, 242, 189, 224, 157, 124, 121, 40, 51, 246, 55, 129, 77, 12, 63, 132, 132, 206, 191, 231, 89, 40, 191, 220, 133, 97, 120, 157, 52, 222, 52, 254, 249, 245, 62, 43, 138, 213, 191, 95, 115, 227, 189, 20, 147, 121, 122, 63, 51, 226, 52, 94, 87, 129, 188, 37, 176, 213, 191, 224, 191, 118, 189, 232, 141, 115, 120, 16, 51, 211, 53, 28, 84, 196, 62, 154, 9, 210, 191, 212, 125, 8, 63, 18, 172, 100, 1, 201, 48, 250, 52, 183, 110, 121, 62, 135, 191, 170, 191, 4, 117, 152, 63, 14, 199, 188, 5, 175, 43, 75, 53, 162, 69, 30, 190, 198, 251, 163, 191, 114, 79, 157, 63, 246, 199, 188, 5, 223, 42, 20, 54, 237, 128, 175, 62, 232, 130, 208, 63, 244, 26, 93, 63, 13, 87, 153, 99, 227, 41, 200, 57, 27, 195, 74, 190, 122, 224, 205, 63, 65, 125, 33, 63, 247, 99, 133, 94, 100, 47, 153, 57, 247, 176, 133, 189, 152, 80, 141, 63, 197, 228, 229, 63, 14, 33, 186, 98, 213, 33, 238, 56, 70, 51, 77, 63, 227, 22, 199, 63, 95, 119, 55, 191, 46, 104, 131, 94, 72, 48, 62, 59, 7, 5, 129, 61, 247, 202, 184, 63, 88, 139, 126, 191, 34, 122, 143, 30, 60, 51, 250, 58, 81, 139, 28, 63, 140, 220, 203, 63, 33, 225, 148, 190, 22, 108, 138, 96, 112, 47, 205, 58, 59, 79, 11, 191, 62, 61, 188, 63, 81, 176, 99, 191, 227, 121, 145, 30, 97, 52, 127, 58, 41, 146, 173, 191, 153, 243, 176, 63, 101, 131, 55, 191, 188, 81, 176, 19, 94, 53, 219, 57, 252, 170, 150, 191, 93, 140, 191, 63, 255, 135, 32, 60, 208, 75, 158, 23, 34, 52, 109, 57, 90, 128, 172, 63, 95, 93, 47, 191, 164, 47, 63, 63, 87, 234, 34, 114, 196, 54, 136, 53, 41, 60, 162, 63, 182, 51, 55, 62, 207, 17, 129, 63, 93, 10, 243, 119, 41, 56, 11, 53, 210, 223, 147, 63, 208, 63, 246, 189, 199, 215, 176, 63, 51, 255, 18, 120, 163, 55, 96, 52, 4, 114, 169, 63, 67, 167, 78, 191, 188, 38, 91, 191, 107, 220, 26, 116, 195, 54, 83, 56, 144, 48, 162, 63, 215, 239, 243, 61, 245, 145, 48, 191, 118, 249, 11, 123, 60, 56, 42, 56, 72, 107, 162, 63, 29, 159, 21, 191, 207, 213, 130, 189, 112, 244, 16, 120, 9, 55, 35, 55, 168, 54, 182, 63, 67, 115, 51, 63, 63, 0, 53, 191, 109, 4, 2, 11, 243, 57, 239, 49, 171, 176, 157, 63, 42, 227, 169, 63, 56, 47, 24, 191, 72, 58, 48, 33, 96, 57, 205, 50, 73, 132, 134, 63, 134, 174, 132, 63, 150, 64, 74, 62, 94, 21, 17, 19, 218, 57, 175, 52, 221, 233, 52, 191, 87, 237, 46, 191, 110, 104, 172, 63, 226, 240, 208, 11, 42, 36, 107, 55, 180, 147, 133, 191, 192, 231, 136, 190, 98, 17, 165, 63, 222, 245, 207, 13, 193, 30, 36, 56, 161, 243, 210, 191, 152, 88, 47, 190, 160, 132, 90, 63, 178, 252, 207, 7, 246, 42, 199, 56, 123, 17, 253, 62, 168, 149, 65, 191, 96, 33, 179, 63, 13, 233, 121, 73, 219, 58, 112, 59, 99, 194, 42, 63, 202, 146, 71, 190, 122, 110, 185, 63, 10, 250, 117, 73, 215, 58, 254, 58, 208, 40, 133, 62, 103, 20, 46, 190, 17, 199, 174, 63, 255, 249, 116, 67, 140, 58, 230, 58, 57, 49, 6, 63, 215, 119, 152, 62, 185, 137, 180, 63, 15, 245, 124, 72, 162, 58, 138, 58, 247, 176, 133, 189, 152, 80, 141, 63, 197, 228, 229, 63, 14, 33, 120, 52, 196, 57, 253, 57, 228, 143, 176, 190, 74, 183, 153, 63, 164, 112, 221, 63, 239, 39, 95, 72, 141, 57, 218, 57, 12, 88, 172, 191, 67, 1, 155, 191, 153, 222, 78, 191, 173, 170, 103, 32, 135, 54, 116, 57, 78, 68, 225, 191, 47, 122, 220, 190, 74, 128, 57, 191, 141, 209, 109, 18, 147, 53, 50, 58, 231, 197, 151, 191, 245, 31, 232, 189, 85, 24, 145, 191, 142, 173, 117, 37, 229, 54, 150, 58, 218, 114, 198, 191, 61, 187, 125, 191, 71, 172, 249, 62, 180, 221, 17, 67, 173, 58, 201, 56, 244, 191, 210, 191, 0, 19, 26, 190, 43, 5, 235, 62, 142, 4, 8, 63, 146, 58, 11, 56, 97, 51, 198, 191, 191, 214, 173, 191, 60, 220, 130, 190, 183, 198, 240, 70, 251, 57, 28, 57, 196, 151, 183, 191, 37, 149, 111, 63, 217, 44, 63, 63, 179, 29, 22, 60, 211, 58, 240, 53, 58, 149, 150, 191, 62, 7, 186, 63, 48, 121, 37, 63, 214, 61, 25, 56, 192, 58, 202, 52, 252, 170, 150, 191, 93, 140, 191, 63, 255, 135, 32, 60, 208, 75, 8, 64, 34, 58, 175, 52, 241, 193, 134, 190, 128, 68, 61, 63, 64, 191, 219, 191, 131, 155, 120, 47, 112, 56, 138, 59, 100, 132, 70, 191, 119, 237, 167, 189, 56, 133, 179, 191, 149, 162, 119, 42, 219, 55, 171, 58, 78, 82, 77, 63, 3, 239, 27, 63, 181, 168, 195, 191, 118, 89, 84, 64, 74, 57, 109, 59, 211, 106, 14, 63, 71, 217, 52, 190, 105, 141, 191, 191, 104, 153, 98, 63, 35, 57, 163, 58, 91, 231, 28, 62, 228, 97, 22, 63, 131, 134, 234, 191, 125, 111, 106, 61, 223, 56, 108, 59, 26, 65, 3, 63, 229, 3, 85, 191, 157, 100, 153, 191, 88, 132, 118, 61, 6, 57, 243, 57, 31, 26, 240, 62, 76, 24, 171, 191, 97, 110, 131, 191, 186, 142, 118, 81, 245, 56, 110, 57, 80, 194, 137, 61, 31, 129, 153, 191, 223, 148, 72, 191, 186, 149, 121, 46, 122, 56, 132, 57, 7, 166, 217, 189, 211, 17, 204, 191, 13, 145, 24, 63, 245, 167, 98, 1, 128, 48, 238, 53, 228, 143, 176, 190, 74, 183, 153, 63, 164, 112, 221, 63, 239, 39, 162, 96, 97, 41, 199, 56, 143, 218, 60, 61, 130, 170, 203, 63, 220, 232, 129, 190, 241, 122, 137, 31, 77, 49, 103, 58, 174, 116, 26, 191, 46, 170, 201, 63, 252, 192, 56, 188, 239, 115, 139, 31, 153, 50, 206, 57, 41, 60, 162, 63, 182, 51, 55, 62, 207, 17, 129, 63, 93, 10, 92, 10, 121, 59, 127, 58, 186, 178, 111, 63, 189, 143, 138, 62, 91, 151, 182, 63, 39, 10, 116, 38, 247, 58, 153, 58, 85, 108, 150, 63, 245, 135, 153, 62, 219, 22, 45, 62, 112, 9, 247, 121, 81, 56, 181, 54, 73, 132, 134, 63, 134, 174, 132, 63, 150, 64, 74, 62, 94, 21, 233, 113, 251, 56, 177, 54, 203, 214, 142, 63, 102, 135, 132, 63, 169, 32, 123, 63, 71, 26, 222, 107, 240, 56, 37, 53, 220, 181, 121, 63, 88, 85, 177, 63, 223, 45, 68, 61, 59, 58, 194, 95, 77, 57, 1, 55, 11, 247, 78, 63, 183, 95, 202, 63, 149, 238, 102, 63, 45, 53, 186, 95, 96, 57, 108, 53, 180, 147, 133, 191, 192, 231, 136, 190, 98, 17, 165, 63, 222, 245, 75, 52, 132, 59, 230, 55, 161, 243, 210, 191, 152, 88, 47, 190, 160, 132, 90, 63, 178, 252, 44, 61, 244, 58, 18, 56, 208, 40, 133, 62, 103, 20, 46, 190, 17, 199, 174, 63, 255, 249, 235, 7, 85, 58, 71, 48, 239, 242, 136, 189, 141, 254, 97, 62, 161, 20, 205, 63, 249, 236, 226, 4, 243, 57, 184, 49, 86, 203, 113, 191, 59, 216, 204, 62, 67, 56, 178, 63, 219, 252, 220, 10, 4, 58, 175, 52, 239, 242, 136, 189, 141, 254, 97, 62, 161, 20, 205, 63, 249, 236, 98, 50, 0, 60, 75, 54, 228, 143, 176, 190, 74, 183, 153, 63, 164, 112, 221, 63, 239, 39, 57, 45, 255, 59, 177, 52, 151, 122, 121, 191, 217, 237, 65, 63, 126, 57, 183, 191, 136, 77, 117, 34, 94, 55, 125, 59, 136, 14, 211, 191, 11, 221, 91, 190, 240, 34, 131, 189, 141, 254, 8, 63, 18, 58, 24, 56, 191, 212, 189, 191, 121, 175, 132, 63, 112, 171, 57, 61, 171, 32, 11, 62, 33, 58, 194, 53, 78, 68, 225, 191, 47, 122, 220, 190, 74, 128, 57, 191, 141, 209, 226, 52, 108, 57, 82, 56, 156, 22, 220, 191, 96, 33, 61, 63, 140, 36, 51, 191, 150, 45, 229, 66, 96, 57, 116, 54, 110, 25, 136, 191, 251, 41, 105, 191, 97, 255, 129, 191, 164, 148, 121, 49, 40, 55, 202, 57, 170, 158, 76, 190, 212, 55, 203, 190, 139, 169, 196, 191, 162, 138, 122, 56, 133, 56, 102, 58, 230, 216, 56, 190, 231, 248, 111, 191, 103, 240, 157, 191, 181, 143, 112, 50, 115, 56, 211, 57, 230, 216, 56, 190, 231, 248, 111, 191, 103, 240, 157, 191, 181, 143, 62, 123, 52, 54, 90, 50, 80, 194, 137, 61, 31, 129, 153, 191, 223, 148, 72, 191, 186, 149, 72, 122, 99, 53, 83, 49, 169, 68, 64, 191, 164, 199, 67, 191, 169, 190, 143, 191, 171, 147, 58, 120, 38, 54, 96, 52, 246, 40, 184, 190, 209, 91, 190, 191, 129, 196, 24, 191, 52, 132, 120, 63, 12, 56, 49, 57, 220, 195, 92, 191, 121, 61, 190, 191, 238, 127, 9, 191, 204, 137, 108, 56, 43, 55, 42, 57, 173, 240, 48, 62, 156, 136, 182, 191, 75, 79, 8, 191, 198, 147, 126, 82, 121, 56, 67, 57, 173, 240, 48, 62, 156, 136, 182, 191, 75, 79, 8, 191, 198, 147, 87, 118, 67, 52, 169, 53, 129, 77, 12, 63, 132, 132, 206, 191, 231, 89, 40, 191, 220, 133, 112, 94, 225, 56, 28, 57, 54, 157, 101, 63, 18, 137, 164, 191, 231, 253, 137, 191, 80, 155, 60, 122, 49, 53, 111, 52, 250, 96, 133, 63, 103, 10, 183, 191, 49, 75, 35, 191, 69, 182, 159, 126, 117, 52, 3, 52, 230, 207, 133, 63, 113, 202, 174, 191, 54, 140, 23, 190, 64, 199, 123, 3, 252, 50, 235, 51, 133, 34, 129, 63, 118, 251, 166, 191, 121, 197, 240, 62, 54, 201, 101, 2, 149, 48, 235, 51, 14, 127, 60, 63, 54, 86, 154, 191, 168, 139, 136, 63, 35, 208, 188, 5, 110, 44, 111, 52, 237, 128, 175, 62, 232, 130, 208, 63, 244, 26, 93, 63, 13, 87, 118, 48, 119, 58, 28, 57, 220, 181, 121, 63, 88, 85, 177, 63, 223, 45, 68, 61, 59, 58, 172, 109, 50, 43, 213, 58, 171, 176, 157, 63, 42, 227, 169, 63, 56, 47, 24, 191, 72, 58, 167, 110, 123, 45, 122, 59, 97, 225, 166, 63, 136, 129, 136, 63, 109, 3, 131, 191, 90, 73, 138, 101, 113, 47, 225, 59, 125, 60, 69, 63, 66, 37, 146, 63, 171, 92, 166, 191, 80, 98, 150, 28, 3, 50, 183, 59, 183, 145, 215, 61, 93, 78, 147, 63, 122, 227, 202, 191, 75, 109, 153, 31, 94, 52, 124, 59, 26, 49, 51, 190, 5, 105, 152, 63, 130, 140, 230, 191, 180, 120, 168, 33, 16, 53, 115, 59, 133, 142, 46, 191, 211, 193, 160, 63, 47, 164, 189, 191, 173, 94, 189, 23, 99, 53, 224, 58, 133, 34, 129, 63, 118, 251, 166, 191, 121, 197, 240, 62, 54, 201, 67, 96, 113, 53, 60, 54, 14, 127, 60, 63, 54, 86, 154, 191, 168, 139, 136, 63, 35, 208, 75, 90, 99, 53, 51, 53, 230, 207, 133, 63, 113, 202, 174, 191, 54, 140, 23, 190, 64, 199, 63, 98, 112, 53, 107, 55, 250, 96, 133, 63, 103, 10, 183, 191, 49, 75, 35, 191, 69, 182, 71, 99, 99, 53, 47, 56, 54, 157, 101, 63, 18, 137, 164, 191, 231, 253, 137, 191, 80, 155, 71, 104, 166, 53, 164, 56, 31, 103, 138, 63, 30, 182, 54, 191, 163, 206, 164, 191, 105, 173, 38, 113, 223, 54, 204, 56, 110, 165, 153, 63, 252, 188, 21, 187, 45, 96, 156, 191, 112, 191, 24, 118, 36, 56, 178, 56, 168, 54, 182, 63, 67, 115, 51, 63, 63, 0, 53, 191, 109, 4, 249, 124, 213, 56, 36, 56, 183, 98, 177, 63, 63, 127, 6, 63, 174, 69, 151, 191, 124, 49, 253, 124, 177, 56, 156, 56, 97, 225, 166, 63, 136, 129, 136, 63, 109, 3, 131, 191, 90, 73, 216, 99, 43, 57, 120, 56, 180, 33, 201, 191, 189, 58, 87, 191, 42, 77, 69, 63, 198, 229, 194, 3, 208, 45, 139, 56, 230, 92, 10, 190, 106, 245, 63, 191, 127, 164, 192, 63, 248, 241, 220, 10, 0, 0, 67, 54, 230, 92, 10, 190, 106, 245, 63, 191, 127, 164, 192, 63, 248, 241, 105, 69, 73, 58, 112, 59, 221, 233, 52, 191, 87, 237, 46, 191, 110, 104, 172, 63, 226, 240, 86, 67, 228, 57, 66, 59, 123, 17, 253, 62, 168, 149, 65, 191, 96, 33, 179, 63, 13, 233, 219, 8, 77, 34, 18, 53, 253, 221, 129, 63, 159, 130, 50, 191, 174, 14, 168, 63, 43, 229, 213, 4, 19, 37, 30, 52, 253, 221, 129, 63, 159, 130, 50, 191, 174, 14, 168, 63, 43, 229, 113, 93, 79, 59, 98, 59, 210, 223, 147, 63, 208, 63, 246, 189, 199, 215, 176, 63, 51, 255, 118, 35, 65, 59, 238, 58, 97, 51, 198, 191, 191, 214, 173, 191, 60, 220, 130, 190, 183, 198, 123, 5, 110, 51, 121, 56, 12, 88, 172, 191, 67, 1, 155, 191, 153, 222, 78, 191, 173, 170, 88, 113, 168, 52, 93, 56, 12, 88, 172, 191, 67, 1, 155, 191, 153, 222, 78, 191, 173, 170, 216, 51, 123, 57, 227, 56, 218, 114, 198, 191, 61, 187, 125, 191, 71, 172, 249, 62, 180, 221, 162, 1, 42, 48, 130, 56, 210, 170, 134, 191, 62, 120, 151, 191, 255, 90, 116, 63, 225, 209, 189, 2, 73, 45, 228, 55, 180, 33, 201, 191, 189, 58, 87, 191, 42, 77, 69, 63, 198, 229, 37, 74, 239, 58, 169, 56, 19, 11, 164, 191, 125, 210, 44, 63, 242, 233, 155, 63, 200, 18, 49, 54, 85, 59, 83, 54, 26, 49, 51, 190, 5, 105, 152, 63, 130, 140, 230, 191, 180, 120, 110, 71, 130, 56, 255, 59, 183, 145, 215, 61, 93, 78, 147, 63, 122, 227, 202, 191, 75, 109, 96, 59, 168, 56, 240, 59, 78, 82, 77, 63, 3, 239, 27, 63, 181, 168, 195, 191, 118, 89, 166, 29, 167, 50, 0, 60, 78, 82, 77, 63, 3, 239, 27, 63, 181, 168, 195, 191, 118, 89, 242, 117, 162, 56, 19, 57, 110, 165, 153, 63, 252, 188, 21, 187, 45, 96, 156, 191, 112, 191, 54, 68, 141, 57, 204, 58, 31, 103, 138, 63, 30, 182, 54, 191, 163, 206, 164, 191, 105, 173, 69, 70, 140, 57, 26, 58, 54, 157, 101, 63, 18, 137, 164, 191, 231, 253, 137, 191, 80, 155, 84, 73, 89, 57, 129, 57, 253, 135, 130, 191, 57, 96, 159, 63, 33, 144, 141, 63, 222, 43, 148, 100, 250, 48, 200, 56, 220, 195, 92, 191, 121, 61, 190, 191, 238, 127, 9, 191, 204, 137, 85, 119, 82, 52, 158, 55, 253, 221, 129, 63, 159, 130, 50, 191, 174, 14, 168, 63, 43, 229, 56, 101, 121, 54, 150, 52, 220, 181, 121, 63, 88, 85, 177, 63, 223, 45, 68, 61, 59, 58, 47, 37, 120, 57, 155, 52, 239, 242, 136, 189, 141, 254, 97, 62, 161, 20, 205, 63, 249, 236, 102, 52, 17, 58, 167, 58, 180, 147, 133, 191, 192, 231, 136, 190, 98, 17, 165, 63, 222, 245, 220, 8, 84, 58, 156, 52, 41, 146, 173, 191, 153, 243, 176, 63, 101, 131, 55, 191, 188, 81, 247, 77, 102, 57, 255, 52, 40, 150, 164, 190, 128, 100, 150, 191, 72, 185, 51, 191, 67, 130, 63, 123, 100, 53, 217, 50, 31, 26, 240, 62, 76, 24, 171, 191, 97, 110, 131, 191, 186, 142, 74, 117, 34, 53, 56, 53, 11, 247, 78, 63, 183, 95, 202, 63, 149, 238, 102, 63, 45, 53, 180, 110, 0, 0, 17, 58, 171, 176, 157, 63, 42, 227, 169, 63, 56, 47, 24, 191, 72, 58, 203, 97, 94, 57, 17, 56, 180, 147, 133, 191, 192, 231, 136, 190, 98, 17, 165, 63, 222, 245, 83, 66, 141, 57, 217, 58, 91, 231, 28, 62, 228, 97, 22, 63, 131, 134, 234, 191, 125, 111, 172, 36, 177, 52, 204, 59, 125, 60, 69, 63, 66, 37, 146, 63, 171, 92, 166, 191, 80, 98, 208, 91, 29, 57, 219, 56, 211, 106, 14, 63, 71, 217, 52, 190, 105, 141, 191, 191, 104, 153, 42, 114, 162, 55, 28, 57 ),
"array_index_data": PoolByteArray( 0, 0, 2, 0, 1, 0, 3, 0, 5, 0, 4, 0, 6, 0, 8, 0, 7, 0, 9, 0, 11, 0, 10, 0, 12, 0, 14, 0, 13, 0, 15, 0, 17, 0, 16, 0, 18, 0, 20, 0, 19, 0, 21, 0, 23, 0, 22, 0, 24, 0, 26, 0, 25, 0, 27, 0, 29, 0, 28, 0, 30, 0, 32, 0, 31, 0, 33, 0, 35, 0, 34, 0, 36, 0, 38, 0, 37, 0, 39, 0, 41, 0, 40, 0, 42, 0, 44, 0, 43, 0, 45, 0, 47, 0, 46, 0, 48, 0, 50, 0, 49, 0, 51, 0, 53, 0, 52, 0, 54, 0, 56, 0, 55, 0, 57, 0, 59, 0, 58, 0, 60, 0, 62, 0, 61, 0, 63, 0, 56, 0, 64, 0, 65, 0, 67, 0, 66, 0, 68, 0, 70, 0, 69, 0, 19, 0, 20, 0, 0, 0, 23, 0, 0, 0, 71, 0, 71, 0, 0, 0, 26, 0, 28, 0, 72, 0, 3, 0, 73, 0, 3, 0, 74, 0, 74, 0, 4, 0, 35, 0, 75, 0, 76, 0, 6, 0, 77, 0, 79, 0, 78, 0, 78, 0, 81, 0, 80, 0, 82, 0, 83, 0, 9, 0, 84, 0, 86, 0, 85, 0, 87, 0, 10, 0, 88, 0, 55, 0, 89, 0, 12, 0, 90, 0, 92, 0, 91, 0, 91, 0, 93, 0, 62, 0, 64, 0, 94, 0, 15, 0, 95, 0, 64, 0, 96, 0, 97, 0, 99, 0, 98, 0, 16, 0, 101, 0, 100, 0, 70, 0, 16, 0, 102, 0, 103, 0, 19, 0, 23, 0, 69, 0, 70, 0, 104, 0, 105, 0, 21, 0, 106, 0, 106, 0, 21, 0, 107, 0, 22, 0, 71, 0, 24, 0, 107, 0, 22, 0, 108, 0, 108, 0, 24, 0, 109, 0, 7, 0, 8, 0, 110, 0, 111, 0, 27, 0, 32, 0, 32, 0, 28, 0, 73, 0, 112, 0, 32, 0, 30, 0, 113, 0, 30, 0, 114, 0, 114, 0, 31, 0, 115, 0, 31, 0, 73, 0, 33, 0, 115, 0, 31, 0, 116, 0, 116, 0, 33, 0, 117, 0, 118, 0, 119, 0, 36, 0, 120, 0, 118, 0, 41, 0, 41, 0, 36, 0, 77, 0, 121, 0, 120, 0, 39, 0, 122, 0, 39, 0, 123, 0, 123, 0, 39, 0, 124, 0, 40, 0, 77, 0, 125, 0, 124, 0, 40, 0, 126, 0, 126, 0, 125, 0, 127, 0, 1, 0, 128, 0, 45, 0, 26, 0, 45, 0, 129, 0, 130, 0, 131, 0, 50, 0, 25, 0, 129, 0, 132, 0, 109, 0, 132, 0, 133, 0, 134, 0, 49, 0, 135, 0, 49, 0, 50, 0, 51, 0, 135, 0, 51, 0, 76, 0, 76, 0, 51, 0, 8, 0, 101, 0, 17, 0, 54, 0, 20, 0, 137, 0, 136, 0, 59, 0, 138, 0, 90, 0, 2, 0, 20, 0, 139, 0, 140, 0, 2, 0, 128, 0, 141, 0, 57, 0, 83, 0, 58, 0, 90, 0, 60, 0, 83, 0, 58, 0, 142, 0, 142, 0, 61, 0, 11, 0, 143, 0, 89, 0, 63, 0, 144, 0, 63, 0, 67, 0, 67, 0, 64, 0, 95, 0, 114, 0, 115, 0, 145, 0, 127, 0, 146, 0, 126, 0, 126, 0, 146, 0, 124, 0, 66, 0, 95, 0, 68, 0, 147, 0, 68, 0, 148, 0, 148, 0, 69, 0, 149, 0, 1, 0, 2, 0, 140, 0, 4, 0, 5, 0, 150, 0, 76, 0, 8, 0, 6, 0, 142, 0, 11, 0, 9, 0, 89, 0, 14, 0, 12, 0, 94, 0, 17, 0, 15, 0, 151, 0, 20, 0, 18, 0, 103, 0, 23, 0, 21, 0, 71, 0, 26, 0, 24, 0, 28, 0, 29, 0, 72, 0, 31, 0, 32, 0, 73, 0, 74, 0, 35, 0, 33, 0, 152, 0, 38, 0, 36, 0, 40, 0, 41, 0, 77, 0, 43, 0, 44, 0, 153, 0, 128, 0, 47, 0, 45, 0, 130, 0, 50, 0, 48, 0, 154, 0, 53, 0, 51, 0, 94, 0, 56, 0, 54, 0, 58, 0, 59, 0, 90, 0, 91, 0, 62, 0, 60, 0, 89, 0, 56, 0, 63, 0, 66, 0, 67, 0, 95, 0, 96, 0, 70, 0, 68, 0, 0, 0, 20, 0, 2, 0, 19, 0, 0, 0, 23, 0, 26, 0, 0, 0, 1, 0, 3, 0, 72, 0, 5, 0, 28, 0, 3, 0, 73, 0, 3, 0, 4, 0, 74, 0, 135, 0, 76, 0, 75, 0, 37, 0, 79, 0, 77, 0, 79, 0, 81, 0, 78, 0, 9, 0, 83, 0, 142, 0, 155, 0, 86, 0, 84, 0, 9, 0, 10, 0, 87, 0, 56, 0, 89, 0, 55, 0, 91, 0, 92, 0, 93, 0, 62, 0, 93, 0, 156, 0, 56, 0, 94, 0, 64, 0, 96, 0, 64, 0, 15, 0, 98, 0, 99, 0, 157, 0, 17, 0, 101, 0, 16, 0, 102, 0, 16, 0, 100, 0, 18, 0, 19, 0, 103, 0, 104, 0, 70, 0, 102, 0, 158, 0, 21, 0, 105, 0, 107, 0, 21, 0, 22, 0, 23, 0, 71, 0, 22, 0, 108, 0, 22, 0, 24, 0, 109, 0, 24, 0, 25, 0, 110, 0, 8, 0, 52, 0, 159, 0, 27, 0, 111, 0, 27, 0, 28, 0, 32, 0, 111, 0, 32, 0, 112, 0, 112, 0, 30, 0, 113, 0, 30, 0, 31, 0, 114, 0, 33, 0, 73, 0, 74, 0, 116, 0, 31, 0, 33, 0, 117, 0, 33, 0, 34, 0, 36, 0, 119, 0, 152, 0, 41, 0, 118, 0, 36, 0, 77, 0, 36, 0, 37, 0, 39, 0, 120, 0, 41, 0, 121, 0, 39, 0, 122, 0, 124, 0, 39, 0, 40, 0, 125, 0, 77, 0, 78, 0, 126, 0, 40, 0, 125, 0, 127, 0, 125, 0, 160, 0, 140, 0, 128, 0, 1, 0, 1, 0, 45, 0, 26, 0, 50, 0, 131, 0, 161, 0, 26, 0, 129, 0, 25, 0, 25, 0, 132, 0, 109, 0, 48, 0, 49, 0, 134, 0, 51, 0, 50, 0, 154, 0, 49, 0, 51, 0, 135, 0, 8, 0, 51, 0, 52, 0, 54, 0, 17, 0, 94, 0, 151, 0, 137, 0, 20, 0, 90, 0, 138, 0, 92, 0, 139, 0, 20, 0, 136, 0, 128, 0, 2, 0, 139, 0, 83, 0, 57, 0, 58, 0, 60, 0, 90, 0, 91, 0, 142, 0, 58, 0, 60, 0, 60, 0, 61, 0, 142, 0, 14, 0, 89, 0, 143, 0, 143, 0, 63, 0, 144, 0, 63, 0, 64, 0, 67, 0, 145, 0, 115, 0, 162, 0, 163, 0, 146, 0, 127, 0, 124, 0, 146, 0, 164, 0, 68, 0, 95, 0, 96, 0, 66, 0, 68, 0, 147, 0, 68, 0, 69, 0, 148, 0 ),
"blend_shape_data": [  ],
"format": 2194711,
"index_count": 576,
"name": "Material",
"primitive": 4,
"skeleton_aabb": [  ],
"vertex_count": 165
}

[sub_resource type="SpatialMaterial" id=5]
flags_world_triplanar = true
flags_ensure_correct_normals = true
albedo_texture = ExtResource( 5 )
uv1_triplanar = true

[sub_resource type="PlaneMesh" id=10]
size = Vector2( 20, 5 )

[sub_resource type="SpatialMaterial" id=31]
albedo_color = Color( 0.866667, 0.788235, 0.552941, 1 )
albedo_texture = ExtResource( 5 )
uv1_triplanar = true

[sub_resource type="Environment" id=6]
background_mode = 1
background_color = Color( 0.666667, 0.803922, 0.921569, 1 )
ambient_light_color = Color( 1, 1, 1, 1 )
ambient_light_energy = 0.2
fog_enabled = true
fog_depth_begin = 0.0
fog_depth_end = 20.0
fog_depth_curve = 0.732041
dof_blur_far_distance = 0.01
dof_blur_far_transition = 12.2
adjustment_enabled = true
adjustment_saturation = 0.8

[sub_resource type="QuadMesh" id=12]
size = Vector2( 5, 5 )

[sub_resource type="SpatialMaterial" id=13]
flags_transparent = true
flags_unshaded = true
params_billboard_mode = 1
albedo_color = Color( 1, 0.968627, 0.815686, 1 )
albedo_texture = ExtResource( 10 )

[node name="Level" type="Spatial"]
script = ExtResource( 1 )

[node name="UI" type="Control" parent="."]
anchor_right = 1.0
anchor_bottom = 1.0
__meta__ = {
"_edit_use_anchors_": false
}

[node name="Play" type="Button" parent="UI"]
anchor_top = 0.76
anchor_right = 0.25
anchor_bottom = 0.898
margin_top = -3.05176e-05
margin_bottom = 0.199951
custom_colors/font_color = Color( 1, 1, 1, 1 )
custom_colors/font_color_hover = Color( 0.584314, 0.584314, 0.584314, 1 )
custom_fonts/font = SubResource( 15 )
text = "Play"
flat = true
__meta__ = {
"_edit_use_anchors_": false
}

[node name="Title" type="Label" parent="UI"]
anchor_right = 1.0
margin_top = 128.0
margin_bottom = 257.0
custom_fonts/font = SubResource( 14 )
text = "King Lear"
align = 1
valign = 1
__meta__ = {
"_edit_use_anchors_": false
}

[node name="Fade" type="ColorRect" parent="UI"]
anchor_right = 1.0
anchor_bottom = 1.0
mouse_filter = 2
color = Color( 0, 0, 0, 1 )
__meta__ = {
"_edit_use_anchors_": false
}

[node name="water" type="MeshInstance" parent="."]
mesh = SubResource( 1 )
material/0 = SubResource( 3 )

[node name="waterFoam" type="MeshInstance" parent="water"]
transform = Transform( 0.998594, 0, 0.0530157, 0, 1, 0, -0.0530157, 0, 0.998594, -0.273514, 0.01, -0.585551 )
mesh = SubResource( 7 )
material/0 = SubResource( 9 )

[node name="waterFoam16" type="MeshInstance" parent="water"]
transform = Transform( 0.939244, 0, -0.34325, 0, 1, 0, 0.34325, 0, 0.939244, -0.8644, 0.01, -0.585551 )
mesh = SubResource( 7 )
material/0 = SubResource( 9 )

[node name="waterFoam17" type="MeshInstance" parent="water"]
transform = Transform( 0.831217, 0, 0.555947, 0, 1, 0, -0.555947, 0, 0.831217, -1.25454, 0.01, -0.585551 )
mesh = SubResource( 7 )
material/0 = SubResource( 9 )

[node name="waterFoam18" type="MeshInstance" parent="water"]
transform = Transform( 1, 0, 0.000698119, 0, 1, 0, -0.000698119, 0, 1, -1.90936, 0.01, -0.378353 )
mesh = SubResource( 7 )
material/0 = SubResource( 9 )

[node name="waterFoam19" type="MeshInstance" parent="water"]
transform = Transform( 0.956075, 0, -0.293123, 0, 1, 0, 0.293123, 0, 0.956075, -2.79952, 0.01, -0.519826 )
mesh = SubResource( 7 )
material/0 = SubResource( 9 )

[node name="waterFoam20" type="MeshInstance" parent="water"]
transform = Transform( 0.989491, 0, 0.144598, 0, 1, 0, -0.144598, 0, 0.989491, -3.65074, 0.01, -0.611784 )
mesh = SubResource( 7 )
material/0 = SubResource( 9 )

[node name="waterFoam21" type="MeshInstance" parent="water"]
transform = Transform( 0.988531, 0, 0.151019, 0, 1, 0, -0.151019, 0, 0.988531, -4.31008, 0.01, -0.504364 )
mesh = SubResource( 7 )
material/0 = SubResource( 9 )

[node name="waterFoam22" type="MeshInstance" parent="water"]
transform = Transform( 0.999995, 0, 0.00308919, 0, 1, 0, -0.00308919, 0, 0.999995, -5.20645, 0.01, -0.400903 )
mesh = SubResource( 7 )
material/0 = SubResource( 9 )

[node name="waterFoam23" type="MeshInstance" parent="water"]
transform = Transform( 0.552199, 0, 0.833712, 0, 1, 0, -0.833712, 0, 0.552199, -5.69998, 0.01, -0.0423839 )
mesh = SubResource( 7 )
material/0 = SubResource( 9 )

[node name="waterFoam2" type="MeshInstance" parent="water"]
transform = Transform( 0.995231, 0, 0.0975482, 0, 1, 0, -0.0975482, 0, 0.995231, 0.531956, 0.01, -0.678 )
mesh = SubResource( 7 )
material/0 = SubResource( 9 )

[node name="waterFoam3" type="MeshInstance" parent="water"]
transform = Transform( 0.999299, 0, -0.0374286, 0, 1, 0, 0.0374286, 0, 0.999299, 1.47507, 0.01, -0.577462 )
mesh = SubResource( 7 )
material/0 = SubResource( 9 )

[node name="waterFoam4" type="MeshInstance" parent="water"]
transform = Transform( 0.905702, 0, 0.423915, 0, 1, 0, -0.423915, 0, 0.905702, 2.40737, 0.01, -0.821382 )
mesh = SubResource( 7 )
material/0 = SubResource( 9 )

[node name="waterFoam5" type="MeshInstance" parent="water"]
transform = Transform( 0.931431, 0, -0.363918, 0, 1, 0, 0.363918, 0, 0.931431, 2.84892, 0.01, -0.971879 )
mesh = SubResource( 7 )
material/0 = SubResource( 9 )

[node name="waterFoam6" type="MeshInstance" parent="water"]
transform = Transform( 1, 0, 0, 0, 1, 0, 0, 0, 1, 0, 0.01, -0.900541 )
mesh = SubResource( 7 )
material/0 = SubResource( 9 )

[node name="waterFoam7" type="MeshInstance" parent="water"]
transform = Transform( 0.995231, 0, 0.0975482, 0, 1, 0, -0.0975482, 0, 0.995231, 0.531956, 0.01, -1.05411 )
mesh = SubResource( 7 )
material/0 = SubResource( 9 )

[node name="waterFoam8" type="MeshInstance" parent="water"]
transform = Transform( 0.999299, 0, -0.0374286, 0, 1, 0, 0.0374286, 0, 0.999299, 1.47507, 0.01, -0.953575 )
mesh = SubResource( 7 )
material/0 = SubResource( 9 )

[node name="waterFoam9" type="MeshInstance" parent="water"]
transform = Transform( 0.905702, 0, 0.423915, 0, 1, 0, -0.423915, 0, 0.905702, 2.34343, 0.01, -1.14552 )
mesh = SubResource( 7 )
material/0 = SubResource( 9 )

[node name="waterFoam10" type="MeshInstance" parent="water"]
transform = Transform( 0.931431, 0, -0.363918, 0, 1, 0, 0.363918, 0, 0.931431, 2.84892, 0.01, -1.34799 )
mesh = SubResource( 7 )
material/0 = SubResource( 9 )

[node name="waterFoam11" type="MeshInstance" parent="water"]
transform = Transform( 1, 0, 0, 0, 1, 0, 0, 0, 1, 0, 0.01, -1.29895 )
mesh = SubResource( 7 )
material/0 = SubResource( 9 )

[node name="waterFoam12" type="MeshInstance" parent="water"]
transform = Transform( 0.995231, 0, 0.0975482, 0, 1, 0, -0.0975482, 0, 0.995231, 0.531956, 0.01, -1.29895 )
mesh = SubResource( 7 )
material/0 = SubResource( 9 )

[node name="waterFoam13" type="MeshInstance" parent="water"]
transform = Transform( 0.999299, 0, -0.0374286, 0, 1, 0, 0.0374286, 0, 0.999299, 1.47507, 0.01, -1.19841 )
mesh = SubResource( 7 )
material/0 = SubResource( 9 )

[node name="waterFoam14" type="MeshInstance" parent="water"]
transform = Transform( 0.905702, 0, 0.423915, 0, 1, 0, -0.423915, 0, 0.905702, 2.34343, 0.01, -1.39036 )
mesh = SubResource( 7 )
material/0 = SubResource( 9 )

[node name="waterFoam15" type="MeshInstance" parent="water"]
transform = Transform( 0.931431, 0, -0.363918, 0, 1, 0, 0.363918, 0, 0.931431, 2.84892, 0.01, -1.59283 )
mesh = SubResource( 7 )
material/0 = SubResource( 9 )

[node name="waterFoam24" type="MeshInstance" parent="water"]
transform = Transform( 0.995231, 0, 0.0975482, 0, 1, 0, -0.0975482, 0, 0.995231, 0.531956, 0.01, -1.61136 )
mesh = SubResource( 7 )
material/0 = SubResource( 9 )

[node name="waterFoam25" type="MeshInstance" parent="water"]
transform = Transform( 0.999299, 0, -0.0374286, 0, 1, 0, 0.0374286, 0, 0.999299, 1.47507, 0.01, -1.51082 )
mesh = SubResource( 7 )
material/0 = SubResource( 9 )

[node name="waterFoam26" type="MeshInstance" parent="water"]
transform = Transform( 0.905702, 0, 0.423915, 0, 1, 0, -0.423915, 0, 0.905702, 2.34343, 0.01, -1.70277 )
mesh = SubResource( 7 )
material/0 = SubResource( 9 )

[node name="waterFoam27" type="MeshInstance" parent="water"]
transform = Transform( 0.931431, 0, -0.363918, 0, 1, 0, 0.363918, 0, 0.931431, 2.84892, 0.01, -1.90524 )
mesh = SubResource( 7 )
material/0 = SubResource( 9 )

[node name="waterFoam28" type="MeshInstance" parent="water"]
transform = Transform( 1, 0, 0, 0, 1, 0, 0, 0, 1, 0, 0.01, -1.67794 )
mesh = SubResource( 7 )
material/0 = SubResource( 9 )

[node name="waterFoam29" type="MeshInstance" parent="water"]
transform = Transform( 0.995231, 0, 0.0975482, 0, 1, 0, -0.0975482, 0, 0.995231, 0.531956, 0.01, -1.85619 )
mesh = SubResource( 7 )
material/0 = SubResource( 9 )

[node name="waterFoam30" type="MeshInstance" parent="water"]
transform = Transform( 0.999299, 0, -0.0374286, 0, 1, 0, 0.0374286, 0, 0.999299, 1.47507, 0.01, -1.75566 )
mesh = SubResource( 7 )
material/0 = SubResource( 9 )

[node name="waterFoam31" type="MeshInstance" parent="water"]
transform = Transform( 0.905702, 0, 0.423915, 0, 1, 0, -0.423915, 0, 0.905702, 2.34343, 0.01, -1.9476 )
mesh = SubResource( 7 )
material/0 = SubResource( 9 )

[node name="waterFoam32" type="MeshInstance" parent="water"]
transform = Transform( 0.931431, 0, -0.363918, 0, 1, 0, 0.363918, 0, 0.931431, 2.84892, 0.01, -2.15007 )
mesh = SubResource( 7 )
material/0 = SubResource( 9 )

[node name="Rocks" type="Spatial" parent="."]

[node name="rock" type="MeshInstance" parent="Rocks"]
transform = Transform( 0.1347, -0.784333, 0.60554, 0.976141, -4.26685e-08, -0.217138, 0.170309, 0.62034, 0.765619, 0.975516, -0.946851, -2.05417 )
mesh = SubResource( 4 )
skeleton = NodePath("../..")
material/0 = SubResource( 5 )

[node name="rock33" type="MeshInstance" parent="Rocks"]
transform = Transform( 0.397819, 0.802136, 1.78838, 1.95228, 3.80123e-07, -0.434278, -0.174175, 1.8321, -0.782998, 3.87741, 2.09097, -7.01582 )
mesh = SubResource( 4 )
skeleton = NodePath("../..")
material/0 = SubResource( 5 )

[node name="rock2" type="MeshInstance" parent="Rocks"]
transform = Transform( -0.0840641, -0.922019, -0.377909, 0.976141, -4.26685e-08, -0.217138, 0.200205, -0.387146, 0.90002, 1.77102, -1.0748, -2.05417 )
mesh = SubResource( 4 )
skeleton = NodePath("../..")
material/0 = SubResource( 5 )

[node name="rock3" type="MeshInstance" parent="Rocks"]
transform = Transform( -4.37114e-08, -1, 0, 0.976141, -4.26685e-08, -0.217138, 0.217138, -9.49141e-09, 0.976141, 3.71501, -0.946851, -2.05417 )
mesh = SubResource( 4 )
skeleton = NodePath("../..")
material/0 = SubResource( 5 )

[node name="rock10" type="MeshInstance" parent="Rocks"]
transform = Transform( -4.37114e-08, -1, 0, 0.976141, -4.26685e-08, -0.217138, 0.217138, -9.49141e-09, 0.976141, 5.65083, -0.946851, -2.05417 )
mesh = SubResource( 4 )
skeleton = NodePath("../..")
material/0 = SubResource( 5 )

[node name="rock11" type="MeshInstance" parent="Rocks"]
transform = Transform( -4.37114e-08, -1, 0, 0.976141, -4.26685e-08, -0.217138, 0.217138, -9.49141e-09, 0.976141, 7.42185, -0.946851, -2.05417 )
mesh = SubResource( 4 )
skeleton = NodePath("../..")
material/0 = SubResource( 5 )

[node name="rock12" type="MeshInstance" parent="Rocks"]
transform = Transform( -4.37114e-08, -1, 0, 0.976141, -4.26685e-08, -0.217138, 0.217138, -9.49141e-09, 0.976141, 9.36584, -0.946851, -2.05417 )
mesh = SubResource( 4 )
skeleton = NodePath("../..")
material/0 = SubResource( 5 )

[node name="rock4" type="MeshInstance" parent="Rocks"]
transform = Transform( 0.189334, -0.489596, 0.851146, 0.976141, -4.26685e-08, -0.217138, 0.10631, 0.87195, 0.477914, -2.953, -0.946851, -2.05417 )
mesh = SubResource( 4 )
skeleton = NodePath("../..")
material/0 = SubResource( 5 )

[node name="rock5" type="MeshInstance" parent="Rocks"]
transform = Transform( 0.216093, -0.0979998, 0.971442, 0.976141, -4.26685e-08, -0.217138, 0.0212795, 0.995186, 0.0956616, -1.61513, -0.946851, -2.05417 )
mesh = SubResource( 4 )
skeleton = NodePath("../..")
material/0 = SubResource( 5 )

[node name="rock6" type="MeshInstance" parent="Rocks"]
transform = Transform( -0.198476, -0.405588, -0.892247, 0.976141, -4.26685e-08, -0.217138, 0.0880687, -0.914056, 0.395911, -0.446799, -0.946851, -2.05417 )
mesh = SubResource( 4 )
skeleton = NodePath("../..")
material/0 = SubResource( 5 )

[node name="rock7" type="MeshInstance" parent="Rocks"]
transform = Transform( 0.111571, -0.857895, 0.501566, 0.976141, -4.26685e-08, -0.217138, 0.186282, 0.513826, 0.837426, -5.14296, -0.946851, -2.05417 )
mesh = SubResource( 4 )
skeleton = NodePath("../..")
material/0 = SubResource( 5 )

[node name="rock8" type="MeshInstance" parent="Rocks"]
transform = Transform( -4.37114e-08, -1, 0, 0.976141, -4.26685e-08, -0.217138, 0.217138, -9.49141e-09, 0.976141, -6.16559, -0.818102, -2.05417 )
mesh = SubResource( 4 )
skeleton = NodePath("../..")
material/0 = SubResource( 5 )

[node name="rock13" type="MeshInstance" parent="Rocks"]
transform = Transform( -4.37114e-08, -1, 0, 0.976141, -4.26685e-08, -0.217138, 0.217138, -9.49141e-09, 0.976141, -1.11499, -0.627104, -3.0408 )
mesh = SubResource( 4 )
skeleton = NodePath("../..")
material/0 = SubResource( 5 )

[node name="rock9" type="MeshInstance" parent="Rocks"]
transform = Transform( -0.216577, -0.071863, -0.973617, 0.976141, -4.26685e-08, -0.217138, 0.0156042, -0.997415, 0.0701484, -4.76039, -0.946851, -2.05417 )
mesh = SubResource( 4 )
skeleton = NodePath("../..")
material/0 = SubResource( 5 )

[node name="rock14" type="MeshInstance" parent="Rocks"]
transform = Transform( 0.1347, -0.784333, 0.60554, 0.976141, -4.26685e-08, -0.217138, 0.170309, 0.62034, 0.765619, 0.975516, -0.111327, -3.78489 )
mesh = SubResource( 4 )
skeleton = NodePath("../..")
material/0 = SubResource( 5 )

[node name="rock15" type="MeshInstance" parent="Rocks"]
transform = Transform( -0.0840641, -0.922019, -0.377909, 0.976141, -4.26685e-08, -0.217138, 0.200205, -0.387146, 0.90002, 1.77102, -0.111327, -3.78489 )
mesh = SubResource( 4 )
skeleton = NodePath("../..")
material/0 = SubResource( 5 )

[node name="rock16" type="MeshInstance" parent="Rocks"]
transform = Transform( -4.37114e-08, -1, 0, 0.976141, -4.26685e-08, -0.217138, 0.217138, -9.49141e-09, 0.976141, 3.71501, -0.111327, -3.78489 )
mesh = SubResource( 4 )
skeleton = NodePath("../..")
material/0 = SubResource( 5 )

[node name="rock17" type="MeshInstance" parent="Rocks"]
transform = Transform( -4.37114e-08, -1, 0, 0.976141, -4.26685e-08, -0.217138, 0.217138, -9.49141e-09, 0.976141, 5.65083, -0.111327, -3.78489 )
mesh = SubResource( 4 )
skeleton = NodePath("../..")
material/0 = SubResource( 5 )

[node name="rock18" type="MeshInstance" parent="Rocks"]
transform = Transform( -4.37114e-08, -1, 0, 0.976141, -4.26685e-08, -0.217138, 0.217138, -9.49141e-09, 0.976141, 7.42185, -0.111327, -3.78489 )
mesh = SubResource( 4 )
skeleton = NodePath("../..")
material/0 = SubResource( 5 )

[node name="rock19" type="MeshInstance" parent="Rocks"]
transform = Transform( -4.37114e-08, -1, 0, 0.976141, -4.26685e-08, -0.217138, 0.217138, -9.49141e-09, 0.976141, 9.36584, -0.111327, -3.78489 )
mesh = SubResource( 4 )
skeleton = NodePath("../..")
material/0 = SubResource( 5 )

[node name="rock20" type="MeshInstance" parent="Rocks"]
transform = Transform( 0.189334, -0.489596, 0.851146, 0.976141, -4.26685e-08, -0.217138, 0.10631, 0.87195, 0.477914, -2.953, -0.111327, -3.78489 )
mesh = SubResource( 4 )
skeleton = NodePath("../..")
material/0 = SubResource( 5 )

[node name="rock21" type="MeshInstance" parent="Rocks"]
transform = Transform( 0.216093, -0.0979998, 0.971442, 0.976141, -4.26685e-08, -0.217138, 0.0212795, 0.995186, 0.0956616, -1.61513, -0.111327, -3.78489 )
mesh = SubResource( 4 )
skeleton = NodePath("../..")
material/0 = SubResource( 5 )

[node name="rock22" type="MeshInstance" parent="Rocks"]
transform = Transform( -0.198476, -0.405588, -0.892247, 0.976141, -4.26685e-08, -0.217138, 0.0880687, -0.914056, 0.395911, -0.446799, -0.111327, -3.78489 )
mesh = SubResource( 4 )
skeleton = NodePath("../..")
material/0 = SubResource( 5 )

[node name="rock23" type="MeshInstance" parent="Rocks"]
transform = Transform( 0.111571, -0.857895, 0.501566, 0.976141, -4.26685e-08, -0.217138, 0.186282, 0.513826, 0.837426, -5.14296, -0.111327, -3.78489 )
mesh = SubResource( 4 )
skeleton = NodePath("../..")
material/0 = SubResource( 5 )

[node name="rock24" type="MeshInstance" parent="Rocks"]
transform = Transform( -4.37114e-08, -1, 0, 0.976141, -4.26685e-08, -0.217138, 0.217138, -9.49141e-09, 0.976141, -6.16559, 0.0174211, -3.78489 )
mesh = SubResource( 4 )
skeleton = NodePath("../..")
material/0 = SubResource( 5 )

[node name="rock27" type="MeshInstance" parent="Rocks"]
transform = Transform( 0.144653, -0.74579, 0.650287, 0.976141, -4.26685e-08, -0.217138, 0.16194, 0.666181, 0.727996, -6.65435, -0.818102, -1.86847 )
mesh = SubResource( 4 )
skeleton = NodePath("../..")
material/0 = SubResource( 5 )

[node name="rock28" type="MeshInstance" parent="Rocks"]
transform = Transform( 0.144653, -0.74579, 0.650287, 0.976141, -4.26685e-08, -0.217138, 0.16194, 0.666181, 0.727996, -7.80732, 0.0174211, -3.15922 )
mesh = SubResource( 4 )
skeleton = NodePath("../..")
material/0 = SubResource( 5 )

[node name="rock29" type="MeshInstance" parent="Rocks"]
transform = Transform( 0.211329, -0.229761, 0.950026, 0.976141, -4.26685e-08, -0.217138, 0.0498899, 0.973247, 0.224279, -7.30406, -0.818102, -0.874425 )
mesh = SubResource( 4 )
skeleton = NodePath("../..")
material/0 = SubResource( 5 )

[node name="rock30" type="MeshInstance" parent="Rocks"]
transform = Transform( 0.211329, -0.229761, 0.950026, 0.976141, -4.26685e-08, -0.217138, 0.0498899, 0.973247, 0.224279, -8.98848, 0.0174211, -1.27208 )
mesh = SubResource( 4 )
skeleton = NodePath("../..")
material/0 = SubResource( 5 )

[node name="rock31" type="MeshInstance" parent="Rocks"]
transform = Transform( 0.216245, 0.0906152, 0.972125, 0.976141, -4.26685e-08, -0.217138, -0.019676, 0.995886, -0.0884532, -7.28447, -0.818102, 0.563764 )
mesh = SubResource( 4 )
skeleton = NodePath("../..")
material/0 = SubResource( 5 )

[node name="rock32" type="MeshInstance" parent="Rocks"]
transform = Transform( 0.216245, 0.0906152, 0.972125, 0.976141, -4.26685e-08, -0.217138, -0.019676, 0.995886, -0.0884532, -9.00808, 0.0174211, 0.720594 )
mesh = SubResource( 4 )
skeleton = NodePath("../..")
material/0 = SubResource( 5 )

[node name="rock25" type="MeshInstance" parent="Rocks"]
transform = Transform( -4.37114e-08, -1, 0, 0.976141, -4.26685e-08, -0.217138, 0.217138, -9.49141e-09, 0.976141, -1.11499, 0.20842, -4.77153 )
mesh = SubResource( 4 )
skeleton = NodePath("../..")
material/0 = SubResource( 5 )

[node name="rock26" type="MeshInstance" parent="Rocks"]
